4 193 166 143 1 1 1 "FI - 10329"
5 181 150 127 1 1 1 "TI - 10330"
1 209 206 226 1 1 1 "OB - 10307"
2 170 157 198 1 1 1 "AON - 10308"
3 170 157 198 1 1 1 "Pir - 10311"
16 201 226 177 1 1 1 "AMY - 10361"
17 192 221 157 1 1 1 "AAA - 10362"
18 175 213 138 1 1 1 "CEN - 10363"
22 137 186 70 1 1 1 "CoA - 10374"
23 146 200 81 1 1 1 "CoP - 10375"
24 156 204 102 1 1 1 "Me - 10376"
25 137 186 70 1 1 1 "AHA - 10377"
19 166 209 122 1 1 1 "La - 10367"
20 137 186 70 1 1 1 "BL - 10368"
21 156 204 102 1 1 1 "BM - 10369"
26 169 215 174 1 1 1 "BNST - 10384"
6 145 160 110 1 1 1 "CaH - 10335"
7 153 166 119 1 1 1 "CaB - 10336"
8 145 160 110 1 1 1 "CaT - 10337"
9 168 180 133 1 1 1 "Pu - 10338"
134 168 180 133 1 1 1 "PuPV - 146034754"
10 145 160 110 1 1 1 "NAC - 10339"
11 215 224 191 1 1 1 "GPe - 10343"
12 208 217 178 1 1 1 "GPi - 10344"
13 170 219 206 1 1 1 "Cla - 10346"
14 221 221 175 1 1 1 "BF - 10349"
15 202 202 146 1 1 1 "SEP - 10350"
27 228 204 227 1 1 1 "THM - 10390"
28 191 137 188 1 1 1 "ANC - 10392"
29 182 123 180 1 1 1 "LD - 10396"
30 176 103 169 1 1 1 "MD - 10398"
31 149 73 138 1 1 1 "Re - 10403"
32 176 103 169 1 1 1 "LP - 10408"
33 176 103 169 1 1 1 "Pul - 10409"
34 165 84 160 1 1 1 "VA - 10417"
35 176 103 169 1 1 1 "VL - 10420"
36 158 76 148 1 1 1 "VPL - 10424"
37 158 76 148 1 1 1 "VPM - 10425"
38 140 70 133 1 1 1 "DLG - 10430"
39 182 123 180 1 1 1 "MG - 10434"
40 182 123 180 1 1 1 "CM - 10449"
41 176 103 169 1 1 1 "Pf - 10450"
131 165 84 160 1 1 1 "MiN - 13045"
42 182 123 180 1 1 1 "HN - 10452"
43 119 54 113 1 1 1 "Pin - 10460"
44 176 103 169 1 1 1 "ZI - 10463"
45 183 153 196 1 1 1 "STH - 10466"
46 228 201 217 1 1 1 "HTH - 10467"
47 219 171 200 1 1 1 "HTHpo - 10468"
48 207 151 185 1 1 1 "HTHso - 10473"
49 219 171 200 1 1 1 "HTHtub - 10483"
50 196 132 169 1 1 1 "HTHma - 10495"
51 242 241 240 1 1 1 "FWM - 10557"
52 242 241 240 1 1 1 "ac - 10559"
53 242 241 240 1 1 1 "cc - 10561"
54 242 241 240 1 1 1 "fx - 10576"
55 242 241 240 1 1 1 "mtt - 10586"
65 242 241 240 1 1 1 "olt - 12073"
140 242 241 240 1 1 1 "or - 266441621"
56 242 241 240 1 1 1 "ot - 10589"
57 35 31 32 1 1 1 "aLV - 10597"
58 35 31 32 1 1 1 "bLV - 10598"
141 35 31 32 1 1 1 "xLV - 266441657"
59 35 31 32 1 1 1 "pLV - 10599"
60 35 31 32 1 1 1 "iLV - 10600"
61 35 31 32 1 1 1 "3V - 10602"
66 237 207 55 1 1 1 "PrCG - 12114"
67 212 178 53 1 1 1 "SFG - 12115"
68 212 178 53 1 1 1 "MFG - 12116"
69 194 163 53 1 1 1 "IFGtr - 12118"
70 194 163 53 1 1 1 "IFGop - 12119"
71 184 162 109 1 1 1 "ReG - 12121"
72 202 183 129 1 1 1 "MOrG - 12122"
73 202 183 129 1 1 1 "AOrG - 12123"
74 202 183 129 1 1 1 "POrG - 12124"
75 171 145 88 1 1 1 "LOrG - 12125"
76 237 207 55 1 1 1 "PCLr - 12126"
135 234 166 175 1 1 1 "PaCG - 146034872"
77 194 163 53 1 1 1 "FrO - 12127"
136 184 162 109 1 1 1 "RoG - 146034876"
132 170 157 198 1 1 1 "LOG - 13229"
137 238 207 56 1 1 1 "FMG - 146034884"
138 234 209 128 1 1 1 "FP - 146034888"
78 236 129 59 1 1 1 "PoCG - 12132"
79 228 156 51 1 1 1 "SPL - 12133"
80 211 142 50 1 1 1 "SMG - 12135"
81 211 142 50 1 1 1 "AnG - 12136"
82 228 156 51 1 1 1 "PrCun - 12137"
83 228 156 51 1 1 1 "PCLc - 12138"
133 232 175 102 1 1 1 "PaO - 13230"
84 214 112 160 1 1 1 "STG - 12140"
85 213 92 146 1 1 1 "MTG - 12141"
86 213 92 146 1 1 1 "ITG - 12142"
87 213 92 146 1 1 1 "FuGt - 12143"
139 213 92 146 1 1 1 "PRG - 146034892"
88 214 112 160 1 1 1 "TTG - 12144"
89 214 112 160 1 1 1 "PLT - 12145"
90 200 83 139 1 1 1 "TP - 12146"
91 214 112 160 1 1 1 "PLP - 12147"
92 193 51 49 1 1 1 "OP - 12149"
93 193 51 49 1 1 1 "Cun - 12150"
94 193 51 49 1 1 1 "LiG - 12151"
95 209 77 70 1 1 1 "FuGo - 12152"
96 209 77 70 1 1 1 "IOG - 12153"
97 209 77 70 1 1 1 "SOG - 12154"
108 196 85 57 1 1 1 "LIG - 12177"
109 209 97 70 1 1 1 "SIG - 12178"
98 226 104 128 1 1 1 "CgGr - 12157"
99 223 79 114 1 1 1 "CgGc - 12158"
100 196 173 154 1 1 1 "IsCPH - 12159"
101 226 104 128 1 1 1 "SCG - 12160"
102 210 191 178 1 1 1 "APH - 12163"
103 193 81 132 1 1 1 "PPH - 12164"
104 210 191 178 1 1 1 "AG - 12166"
105 170 157 198 1 1 1 "HiH - 12171"
106 170 157 198 1 1 1 "HiB - 12173"
107 170 157 198 1 1 1 "HiT - 12174"
110 208 208 209 1 1 1 "LI - 12179"
111 160 199 213 1 1 1 "PTR - 12181"
112 82 152 174 1 1 1 "MTg - 12195"
113 108 169 191 1 1 1 "RN - 12247"
114 108 169 191 1 1 1 "SN - 12251"
115 126 179 201 1 1 1 "SC - 12292"
116 126 179 201 1 1 1 "IC - 12305"
117 242 241 240 1 1 1 "cpd - 12330"
118 242 241 240 1 1 1 "scp - 12354"
119 35 31 32 1 1 1 "Aq - 12369"
62 118 162 213 1 1 1 "CBV - 10658"
120 74 142 204 1 1 1 "CBPV - 12384"
121 74 142 204 1 1 1 "CBL - 12390"
63 62 128 186 1 1 1 "CbDN - 10660"
122 120 147 199 1 1 1 "PnBa - 12405"
123 101 134 191 1 1 1 "PnTg - 12416"
124 151 158 203 1 1 1 "MoPy - 12535"
125 131 139 193 1 1 1 "MoTg - 12538"
126 62 77 137 1 1 1 "IO - 12600"
64 242 241 240 1 1 1 "HWM - 10668"
127 242 241 240 1 1 1 "icp - 12741"
128 242 241 240 1 1 1 "mcp - 12768"
129 35 31 32 1 1 1 "4V - 12805"
130 35 31 32 1 1 1 "cec - 12826"